100 13.614380284931585
129 7.668054516838486
258 2.3385783736182755
387 1.918905755053898
516 1.7870027078182948
645 1.7683716553908129
774 1.7077722056978448
816 1.6926631221064814
867 1.6735366936083194
918 1.675017947145337
969 1.6516377586245197
1020 1.5913808746555251
1071 1.6019376040863516
1122 1.5647745061124492
1173 1.5694804877637119
1224 1.542831921509528
1275 1.51474884602419
1326 1.5309405972135712
1377 1.51688901821093
1428 1.9081519336102695
1479 1.5246907207700942
1530 1.5041213052564877
